       991.840       1.38300      0.793000
       1012.08       1.41000      0.824000
       1033.17       1.47500      0.861000
       1050.68       1.55400      0.874000
       1068.79       1.63500      0.859000
       1087.54       1.71600      0.810000
       1106.96       1.76600      0.718000
       1127.09       1.73900      0.569000
       1137.43       1.68700      0.565000
       1147.96       1.58700      0.618000
       1158.69       1.51300      0.725000
       1169.62       1.49200      0.914000
       1180.76       1.56700       1.11000
       1186.41       1.64500       1.13600
       1192.12       1.77200       1.13000
       1197.87       1.91900       1.04500
       1203.69       2.04800      0.925000
       1209.56       2.15200      0.810000
       1215.49       2.24000      0.715000
       1227.52       2.33200      0.460000
       1239.80       2.33000      0.323000
       1252.32       2.29200      0.236000
       1265.10       2.24300      0.168000
       1278.14       2.19000      0.119000
       1291.46       2.14000     0.0770000
       1305.05       2.09200     0.0561000
       1318.94       2.04700     0.0430000
       1333.12       2.00600     0.0339000
       1347.61       1.96900     0.0271000
       1362.42       1.93500     0.0228000
       1377.56       1.90400     0.0189000
       1393.03       1.87600     0.0156000
       1408.86       1.85000     0.0132000
       1425.06       1.82500     0.0109000
       1441.63       1.80300    0.00838000
       1458.59       1.78300    0.00557000
       1475.95       1.76400    0.00317000
       1493.73       1.74700    0.00140000
       1511.95       1.73000   0.000463000
       1530.62       1.71600   0.000122000
       1549.75       1.70200       0.00000
       1589.49       1.67600       0.00000
       1631.32       1.65300       0.00000
       1675.41       1.63300       0.00000
       1721.94       1.61600       0.00000
       1771.14       1.60000       0.00000
       1836.74       1.58200       0.00000
       1907.38       1.56700       0.00000
       1983.68       1.55400       0.00000
       2066.33       1.54300       0.00000
       2138.47       1.53429       0.00000
       2144.28       1.53371       0.00000
       2267.37       1.52276       0.00000
       2301.98       1.52009       0.00000
       2378.24       1.51474       0.00000
       2399.27       1.51338       0.00000
       2482.63       1.50841       0.00000
       2651.92       1.50004       0.00000
       2698.74       1.49805       0.00000
       2752.66       1.49592       0.00000
       2803.33       1.49404       0.00000
       2893.48       1.49099       0.00000
       2967.16       1.48873       0.00000
       3021.40       1.48719       0.00000
       3302.43       1.48053       0.00000
       3341.33       1.47976       0.00000
       3403.52       1.47858       0.00000
       3466.03       1.47746       0.00000
       3610.37       1.47512       0.00000
       3650.01       1.47453       0.00000
       4046.34       1.46961       0.00000
       4358.13       1.46669       0.00000
       4677.96       1.46429       0.00000
       4861.20       1.46313       0.00000
       5085.52       1.46187       0.00000
       5460.47       1.46008       0.00000
       5769.46       1.45885       0.00000
       5790.48       1.45877       0.00000
       5875.27       1.45847       0.00000
       5892.31       1.45841       0.00000
       6438.18       1.45671       0.00000
       6562.57       1.45637       0.00000
       6677.80       1.45608       0.00000
       7064.79       1.45515       0.00000
       8520.96       1.45248       0.00000
       8943.23       1.45185       0.00000
       10139.0       1.45025       0.00000
       10828.9       1.44941       0.00000
       11286.3       1.44888       0.00000
       13621.5       1.44621       0.00000
       13950.1       1.44584       0.00000
       14694.4       1.44497       0.00000
       15294.7       1.44427       0.00000
       16605.3       1.44267       0.00000
       16808.6       1.44241       0.00000
       16931.4       1.44226       0.00000
       17090.6       1.44205       0.00000
       18130.0       1.44069       0.00000
       19700.0       1.43851       0.00000
       20580.0       1.43722       0.00000
       21525.1       1.43576       0.00000
       23253.4       1.43292       0.00000
       24372.9       1.43095       0.00000
       32437.7       1.41314       0.00000
       32666.7       1.41253       0.00000
       33024.3       1.41155       0.00000
       34220.3       1.40819       0.00000
       35068.2       1.40568       0.00000
       35562.1       1.40418       0.00000
       37065.4       1.39936       0.00000
       38455.3       1.39500       0.00000
       41659.9       1.38300       0.00000
       45447.2       1.36500       0.00000
       49991.9       1.34200       0.00000
       55546.6       1.30600       0.00000
       58814.0       1.27800       0.00000
       62489.9       1.23900       0.00000
       64505.7       1.21200       0.00000
       66655.9       1.17500       0.00000
       67564.0       1.15800       0.00000
       68497.2       1.13500       0.00000
       69456.6       1.10700       0.00000
       70403.2       1.08400       0.00000
       71417.0       1.05300       0.00000
       72460.5       1.01400       0.00000
       73535.0      0.970200       0.00000
       74062.1      0.948800       0.00000
       74641.8      0.917500       0.00000
       75185.0      0.889700       0.00000
       75736.1      0.860000       0.00000
       76342.4      0.821300       0.00000
       76910.7      0.771900     0.0372000
       77536.0      0.703700     0.0474000
       78122.2      0.623200     0.0768000
       78717.5      0.545600      0.132000
       79372.6      0.467700      0.216000
       79987.1      0.411300      0.323000
       80663.6      0.393100      0.446000
       81298.4      0.402000      0.553000
       81943.2      0.432900      0.635000
       82653.3      0.453000      0.704000
       83319.9      0.460000      0.771000
       84054.2      0.473000      0.840000
       84743.7      0.474600      0.903000
       85444.5      0.465600      0.978000
       86217.0      0.456300       1.07000
       86942.5      0.430900       1.17000
       87742.4      0.391500       1.32000
       88493.9      0.356300       1.53000
       89258.5      0.370500       1.85000
       90101.7      0.584600       2.27000
       90894.4       1.04300       2.55000
       91769.1       1.61600       2.63000
       93008.2       2.25000       2.26000
       95222.7       2.76000       1.65000
       97545.2       2.83900      0.962000
       99983.9       2.69400      0.509000
       102548.       2.44800      0.231000
       105246.       2.22400      0.102000
       108091.       2.03800     0.0460000
       